1 31 2014 04:51:17
1 31 2014 04:51:19
1 31 2014 04:51:22
1 31 2014 04:51:23
1 31 2014 04:51:24
1 31 2014 04:51:28
1 31 2014 04:51:31
1 31 2014 04:51:33
1 31 2014 04:51:35
1 31 2014 04:51:40
1 31 2014 04:51:44
1 31 2014 04:51:45
1 31 2014 04:51:49
1 31 2014 04:51:50
1 31 2014 04:51:50
1 31 2014 04:51:56
1 31 2014 04:51:57
1 31 2014 04:51:59
1 31 2014 04:52:06
1 31 2014 04:52:09
1 31 2014 04:52:13
1 31 2014 04:52:19
1 31 2014 04:52:21
1 31 2014 04:52:24
1 31 2014 04:52:27
1 31 2014 04:52:34
1 31 2014 04:52:35
1 31 2014 04:52:37
1 31 2014 04:52:37
1 31 2014 04:52:40
1 31 2014 04:52:39
1 31 2014 04:52:44
1 31 2014 04:52:44
1 31 2014 04:52:47
1 31 2014 04:52:53
1 31 2014 04:53:03
1 31 2014 04:53:03
1 31 2014 04:53:03
1 31 2014 04:53:06
1 31 2014 04:53:06
1 31 2014 04:53:09
1 31 2014 04:53:16
1 31 2014 04:53:17
1 31 2014 04:53:19
1 31 2014 04:53:19
1 31 2014 04:53:25
1 31 2014 04:53:26
1 31 2014 04:53:37
1 31 2014 04:53:41
1 31 2014 04:53:52
1 31 2014 04:53:53
1 31 2014 04:54:04
1 31 2014 04:54:05
1 31 2014 04:54:07
1 31 2014 04:54:09
1 31 2014 04:54:26
1 31 2014 04:54:29
1 31 2014 04:54:31
1 31 2014 04:54:32
1 31 2014 04:54:36
1 31 2014 04:54:37
1 31 2014 04:54:46
1 31 2014 04:54:46
1 31 2014 04:54:49
1 31 2014 04:54:53
1 31 2014 04:54:53
1 31 2014 04:54:54
1 31 2014 04:54:55
1 31 2014 04:54:57
1 31 2014 04:55:00
1 31 2014 04:55:02
1 31 2014 04:55:06
1 31 2014 04:55:06
1 31 2014 04:55:06
1 31 2014 04:55:09
1 31 2014 04:55:35
1 31 2014 04:55:42
1 31 2014 04:55:42
1 31 2014 04:55:43
1 31 2014 04:55:44
1 31 2014 04:55:50
1 31 2014 04:55:51
1 31 2014 04:55:55
1 31 2014 04:55:56
1 31 2014 04:55:56
1 31 2014 04:55:56
1 31 2014 04:56:02
1 31 2014 04:56:04
1 31 2014 04:56:05
1 31 2014 04:56:07
1 31 2014 04:56:07
1 31 2014 04:56:11
1 31 2014 04:56:11
1 31 2014 04:56:15
1 31 2014 04:56:16
1 31 2014 04:56:16
1 31 2014 04:56:22
1 31 2014 04:56:23
1 31 2014 04:56:28
1 31 2014 04:56:32
1 31 2014 04:56:34
